3.706789313351002702e-01 -1.060441169907041736e+00 1.636167210247920223e-01 null 1.664929509522675988e-01 2.454308563128760334e-01
3.544886957577055853e-01 4.540443828634971313e-01 4.497060123911049145e-01 4.827386493626267816e-02 8.426255979393549450e-03 null
2.489769898651635893e-01 2.161913020837508970e-01 2.836531446141494772e-01 3.897603135497477722e-01 1.362458743563625674e-01 -1.540299323559926950e-02
9.510734854313555864e-02 3.857410728747209805e-01 2.004602088655023651e-01 3.893693872034570957e-01 8.201918886580114587e-02 3.345555090008445198e-01
-2.783418621475152246e-02 -1.224033219804468997e+00 -1.508819035697604449e-01 1.470898906651084137e-01 -5.581436193294802006e-01 -7.811949235070303477e-01
-6.655637027711862608e-01 1.465327793332953099e-01 3.121608971448952552e-01 9.197779251649286503e-02 1.922777081092106877e-01 2.649563944294262008e-01
-2.911269039603854858e-01 1.667798413395081836e-01 null 1.819713665693112672e-02 9.782620329868079584e-03 2.567044119492716270e-01
5.109977862481424049e-02 1.671338793474692608e-01 1.459042064659201166e-01 1.238218643346310627e-01 3.490559986610707321e-01 1.694799288552794594e-03
-5.941544570866386099e-01 -1.414919892278230007e+00 2.349896591680407099e-01 3.191923625248039298e-01 2.722138382716137173e-01 3.427664460849359496e-01
4.305103536948516885e-01 3.427898964128687775e-01 -8.960957211051394644e-01 3.225639762456563586e-01 2.867679546972526361e-01 4.132535456729371504e-01
