1.905693347910999478e+02 9.471496114438426872e+00 1.596198571506129582e+01 4.629649767105055602e+00 1.359860437888091300e-01
1.018572221693369029e+00 2.258536459219056880e+00 1.056560792213225193e-02 7.257140210881455111e+00 4.287657080298123979e-01
1.937668878421247314e+02 1.010535292552140474e-01 7.389614841519416721e+00 3.535140439419216740e+00 1.132440283596492314e+01
3.198378158717099518e-01 4.774721554140331392e+00 1.103896116386647863e+00 1.030717456895504508e-02 1.997978109598237628e+00
1.185701373935486025e+00 7.910223248932552131e+00 3.281964381639834869e+02 1.201834593235385228e+03 1.969861948763570902e+00
2.516295221743023003e+00 7.918649795464913765e+00 1.322401637198817870e-01 8.271976224649444376e-01 9.035374110994902341e-02
5.978767854919752045e-01 3.190624194892273557e+00 9.068557581954193036e-01 1.167005634896661537e+00 1.833807092431238295e-01
1.369617606289965206e+00 9.988781806654975504e-02 4.146876837886577682e+00 5.063704245104319601e-02 1.006016029610971474e+00
2.471229261021973267e-01 1.024188239135009754e-01 1.374200974503092354e+01 7.906022065518172326e-01 9.324474283132060393e-01
2.016852122185005669e+01 7.561072425130748176e-01 9.249140976691277771e+00 4.016787439801681320e-02 6.657021071521996847e-01
