1.000000000000000000e+00 1.008716752167200026e+00
2.000000000000000000e+00 2.459149350801469458e-01
3.000000000000000000e+00 1.208844473949760578e-01
4.000000000000000000e+00 6.160671613308465328e-02
5.000000000000000000e+00 4.985965085091212390e-02
6.000000000000000000e+00 1.672116964345644538e-02
7.000000000000000000e+00 1.063832497862771120e-02
8.000000000000000000e+00 1.428858919699959457e-02
9.000000000000000000e+00 8.114990731620287667e-04
1.000000000000000000e+01 7.549409977684759521e-03
1.100000000000000000e+01 1.853699315880340259e-02
1.200000000000000000e+01 -1.384189391843402075e-02
1.300000000000000000e+01 2.668278458767234240e-02
1.400000000000000000e+01 1.045656454607520741e-02
1.500000000000000000e+01 1.506518764671212554e-02
1.600000000000000000e+01 2.051124776029903188e-03
1.700000000000000000e+01 2.338453246122540116e-02
1.800000000000000000e+01 -1.407954099983774535e-02
1.900000000000000000e+01 -3.532941966479690495e-03
2.000000000000000000e+01 7.123029489330053379e-03
2.100000000000000000e+01 1.115394492634946833e-02
2.200000000000000000e+01 -5.519939776733332783e-03
2.300000000000000000e+01 1.162174850554871519e-02
2.400000000000000000e+01 1.345722070164310710e-03
2.500000000000000000e+01 1.152233414187859434e-02
2.600000000000000000e+01 -8.287507370491506778e-03
2.700000000000000000e+01 -4.092288013957170838e-03
2.800000000000000000e+01 8.060862465608637601e-04
2.900000000000000000e+01 1.038947155866526764e-02
3.000000000000000000e+01 -1.239550812980040606e-02
3.100000000000000000e+01 1.533137834599749508e-03
3.200000000000000000e+01 6.351600330400503612e-03
3.300000000000000000e+01 -8.789444679482722464e-04
3.400000000000000000e+01 -9.313596023575215072e-03
3.500000000000000000e+01 6.899744219363866671e-03
3.600000000000000000e+01 4.028195822327454434e-03
3.700000000000000000e+01 -6.443992838701059940e-03
3.800000000000000000e+01 -1.041278785698837063e-02
3.900000000000000000e+01 2.797871003991950385e-03
4.000000000000000000e+01 6.094729125433561009e-04
4.100000000000000000e+01 1.611182553181119553e-02
4.200000000000000000e+01 -4.655042562119012656e-03
4.300000000000000000e+01 -1.034724445411535146e-02
4.400000000000000000e+01 -1.727972810986343200e-02
4.500000000000000000e+01 3.743099663159667537e-03
4.600000000000000000e+01 1.215612862348075009e-02
4.700000000000000000e+01 7.150201366540707634e-03
4.800000000000000000e+01 9.831774041310331613e-03
4.900000000000000000e+01 -1.616540102696484424e-03
5.000000000000000000e+01 -1.980682240747945987e-03
5.100000000000000000e+01 4.343307703905128006e-04
5.200000000000000000e+01 -1.574333544696169401e-02
5.300000000000000000e+01 2.912640401806719168e-03
5.400000000000000000e+01 -5.502986541947470049e-03
5.500000000000000000e+01 1.232579476638954357e-03
5.600000000000000000e+01 2.204144982840318401e-02
5.700000000000000000e+01 2.384048399609426175e-02
5.800000000000000000e+01 5.973445489693046499e-03
5.900000000000000000e+01 -6.814336396910981343e-03
6.000000000000000000e+01 2.836937036392229820e-03
6.100000000000000000e+01 -8.577864750394693580e-03
6.200000000000000000e+01 -4.656190820198241945e-03
6.300000000000000000e+01 2.196312559285854699e-02
6.400000000000000000e+01 -2.925909158668360197e-02
6.500000000000000000e+01 -1.736876858481221572e-02
6.600000000000000000e+01 1.575266144726952117e-02
6.700000000000000000e+01 -1.367584382926492585e-02
6.800000000000000000e+01 1.789712799545821464e-02
6.900000000000000000e+01 -2.348408016185864894e-03
7.000000000000000000e+01 -1.951208170040429069e-02
7.100000000000000000e+01 -2.021485442077370145e-02
7.200000000000000000e+01 1.515608029545989499e-02
7.300000000000000000e+01 -2.283777976135995241e-03
7.400000000000000000e+01 -1.303439217619081075e-02
7.500000000000000000e+01 -1.142229609657476747e-02
7.600000000000000000e+01 -1.224936091851169633e-02
7.700000000000000000e+01 7.982074019432901929e-03
7.800000000000000000e+01 -1.185436652775725096e-02
7.900000000000000000e+01 1.041263578704543225e-02
8.000000000000000000e+01 -1.058030967774379813e-02
8.100000000000000000e+01 -1.813324127690554843e-02
8.200000000000000000e+01 -2.612129845024760075e-02
8.300000000000000000e+01 1.218900844303810000e-03
8.400000000000000000e+01 -6.765279611100746306e-03
8.500000000000000000e+01 -1.540851161825523494e-02
8.600000000000000000e+01 3.753993075724719203e-03
8.700000000000000000e+01 9.022413082611466240e-03
8.800000000000000000e+01 1.306895001071370528e-02
8.900000000000000000e+01 1.502582173128673426e-02
9.000000000000000000e+01 -9.739824653210568325e-04
9.100000000000000000e+01 -9.744964702081025318e-04
9.200000000000000000e+01 -2.610578806511329193e-03
9.300000000000000000e+01 1.246201250225655683e-03
9.400000000000000000e+01 -1.295797739482319397e-02
9.500000000000000000e+01 1.583961572282113067e-02
9.600000000000000000e+01 -7.590854954735415903e-04
9.700000000000000000e+01 -1.088202441157145282e-02
9.800000000000000000e+01 1.512730616130537886e-02
9.900000000000000000e+01 1.872281967155372401e-02
1.000000000000000000e+02 1.084219782138041294e-02
